rot:
  max: 1.5478080191778378
  mean: 1.5424152647978857
  median: 1.5422480689610838
  min: 1.5394458554350334
  num_samples: 100
  rmse: 1.542416394903974
  std: 0.0018671333746775947
scale:
  max: 9.090705410663702e-08
  mean: 1.018185535883731e-14
  median: -1.5436694922321692e-08
  min: -8.461697253991929e-08
  num_samples: 100
  rmse: 5.064996810506425e-08
  std: 5.064996810506322e-08
trans:
  max: 2.1092703984878813
  mean: 0.416242318974482
  median: 0.26359371503304996
  min: 0.14455289330386045
  num_samples: 100
  rmse: 0.6755011748135525
  std: 0.5320189555544385
